94501
94502
94536
94537
94538
94539
94540
94541
94542
94543
94544
94545
94546
94550
94551
94552
94555
94557
94560
94566
94568
94577
94578
94579
94580
94586
94587
94588
94601
94602
94603
94604
94605
94606
94607
94608
94609
94610
94611
94612
94613
94614
94615
94617
94618
94619
94620
94621
94622
94623
94624
94649
94659
94660
94661
94662
94666
94701
94702
94703
94704
94705
94706
94707
94708
94709
94710
94712
94720
94505
94506
94507
94509
94511
94513
94514
94516
94517
94518
94519
94520
94521
94522
94523
94524
94525
94526
94527
94528
94529
94530
94531
94547
94548
94549
94553
94556
94561
94563
94564
94565
94569
94570
94572
94575
94582
94583
94595
94596
94597
94598
94801
94802
94803
94804
94805
94806
94807
94808
94820
94850
94901
94903
94904
94912
94913
94914
94915
94920
94924
94925
94929
94930
94933
94937
94938
94939
94940
94941
94942
94945
94946
94947
94948
94949
94950
94956
94957
94960
94963
94964
94965
94966
94970
94971
94973
94974
94976
94977
94978
94979
94998
94503
94508
94515
94558
94559
94562
94567
94573
94574
94576
94581
94599
94002
94005
94010
94011
94014
94015
94016
94017
94018
94019
94020
94021
94025
94026
94027
94028
94030
94037
94038
94044
94060
94061
94062
94063
94064
94065
94066
94070
94074
94080
94083
94128
94401
94402
94403
94404
94497
94510
94512
94533
94534
94535
94571
94585
94589
94590
94591
94592
95620
95625
95687
95688
95696
94022
94023
94024
94035
94039
94040
94041
94042
94043
94085
94086
94087
94088
94089
94301
94302
94303
94304
94305
94306
94309
95008
95009
95011
95013
95014
95015
95020
95021
95026
95030
95031
95032
95035
95036
95037
95038
95042
95044
95046
95050
95051
95052
95053
95054
95055
95056
95070
95071
94922
94923
94926
94927
94928
94931
94951
94952
94953
94954
94955
94972
94975
94999
95401
95402
95403
95404
95405
95406
95407
95409
95412
95416
95419
95421
95425
95430
95431
95433
95436
95439
95441
95442
95444
95446
95448
95450
95452
95462
95465
95471
95472
95473
95476
95480
95486
95487
95492
95497
